0.999998	0.000755	-0.002036	0.000000	-0.000785	0.999890	-0.014823	0.000000	0.002024	0.014825	0.999888	0.000000	0.810544	-0.307054	0.802724	1.000000	
0.999993	-0.003551	-0.001017	0.000000	0.003535	0.999878	-0.015235	0.000000	0.001071	0.015232	0.999883	0.000000	2.002287	-0.314182	0.812369	1.000000	
0.999970	-0.007757	0.000093	0.000000	0.007758	0.999875	-0.013779	0.000000	0.000014	0.013780	0.999905	0.000000	3.192450	-0.328397	0.823313	1.000000	
0.999927	-0.011986	0.001426	0.000000	0.012003	0.999847	-0.012699	0.000000	-0.001273	0.012715	0.999918	0.000000	4.497650	-0.361608	0.838834	1.000000	
0.999868	-0.016164	0.001363	0.000000	0.016179	0.999801	-0.011681	0.000000	-0.001174	0.011701	0.999931	0.000000	5.686911	-0.404079	0.855653	1.000000	
0.999799	-0.020027	-0.000032	0.000000	0.020025	0.999725	-0.012223	0.000000	0.000277	0.012220	0.999925	0.000000	6.876047	-0.454015	0.874778	1.000000	
0.999695	-0.024642	-0.001808	0.000000	0.024614	0.999595	-0.014294	0.000000	0.002159	0.014245	0.999896	0.000000	8.184460	-0.504000	0.893703	1.000000	
0.999585	-0.028715	-0.002369	0.000000	0.028671	0.999444	-0.017042	0.000000	0.002857	0.016967	0.999852	0.000000	9.378805	-0.559596	0.909441	1.000000	
0.999474	-0.032416	-0.001148	0.000000	0.032389	0.999299	-0.018765	0.000000	0.001756	0.018718	0.999823	0.000000	10.569489	-0.613032	0.921514	1.000000	
0.999354	-0.035931	0.000193	0.000000	0.035927	0.999127	-0.021340	0.000000	0.000574	0.021334	0.999772	0.000000	11.880117	-0.677226	0.936311	1.000000	
0.999261	-0.038340	0.002803	0.000000	0.038388	0.999072	-0.019555	0.000000	-0.002051	0.019648	0.999805	0.000000	13.070279	-0.741496	0.951831	1.000000	
0.999149	-0.040699	0.006690	0.000000	0.040818	0.998993	-0.018649	0.000000	-0.005924	0.018906	0.999804	0.000000	14.378549	-0.816091	0.970184	1.000000	
0.999042	-0.043285	0.006472	0.000000	0.043379	0.998945	-0.015094	0.000000	-0.005812	0.015360	0.999865	0.000000	15.569803	-0.888252	0.990883	1.000000	
0.998961	-0.045316	0.004779	0.000000	0.045373	0.998890	-0.012645	0.000000	-0.004200	0.012849	0.999909	0.000000	16.761742	-0.961177	1.011346	1.000000	
0.998839	-0.048142	0.001921	0.000000	0.048159	0.998792	-0.009761	0.000000	-0.001448	0.009842	0.999950	0.000000	18.074217	-1.046552	1.032537	1.000000	
0.998677	-0.051412	0.000434	0.000000	0.051414	0.998625	-0.010223	0.000000	0.000092	0.010231	0.999948	0.000000	19.264401	-1.121279	1.049009	1.000000	
0.998466	-0.055367	0.000517	0.000000	0.055370	0.998431	-0.008369	0.000000	-0.000053	0.008385	0.999965	0.000000	20.451975	-1.203666	1.064724	1.000000	
0.998244	-0.059191	0.002217	0.000000	0.059209	0.998206	-0.008859	0.000000	-0.001688	0.008975	0.999958	0.000000	21.636814	-1.285900	1.078886	1.000000	
0.997980	-0.063475	0.002462	0.000000	0.063494	0.997944	-0.008678	0.000000	-0.001906	0.008817	0.999959	0.000000	22.940647	-1.382924	1.095886	1.000000	
0.997739	-0.067201	0.000588	0.000000	0.067203	0.997711	-0.007469	0.000000	-0.000085	0.007492	0.999972	0.000000	24.126435	-1.476684	1.110737	1.000000	
0.997442	-0.071442	-0.002135	0.000000	0.071425	0.997418	-0.007468	0.000000	0.002663	0.007297	0.999970	0.000000	25.429923	-1.584319	1.125370	1.000000	
0.997214	-0.074576	-0.001570	0.000000	0.074565	0.997195	-0.006440	0.000000	0.002046	0.006305	0.999978	0.000000	26.610336	-1.683733	1.136837	1.000000	
0.997039	-0.076891	0.000659	0.000000	0.076893	0.997025	-0.005399	0.000000	-0.000241	0.005434	0.999985	0.000000	27.792002	-1.784121	1.146196	1.000000	
0.996913	-0.078483	0.002019	0.000000	0.078493	0.996900	-0.005492	0.000000	-0.001582	0.005634	0.999983	0.000000	29.094702	-1.894292	1.158632	1.000000	
0.996848	-0.079310	0.002154	0.000000	0.079322	0.996831	-0.005982	0.000000	-0.001673	0.006134	0.999980	0.000000	30.275966	-1.996240	1.172401	1.000000	
0.996774	-0.080135	0.004552	0.000000	0.080170	0.996747	-0.008278	0.000000	-0.003874	0.008616	0.999955	0.000000	31.452355	-2.091787	1.188775	1.000000	
0.996651	-0.081401	0.007834	0.000000	0.081471	0.996634	-0.009149	0.000000	-0.007063	0.009757	0.999927	0.000000	32.734791	-2.191496	1.208459	1.000000	
0.996558	-0.082637	0.006606	0.000000	0.082682	0.996553	-0.006731	0.000000	-0.006027	0.007254	0.999955	0.000000	33.901533	-2.284541	1.227272	1.000000	
0.996522	-0.083283	0.002710	0.000000	0.083300	0.996501	-0.006916	0.000000	-0.002125	0.007118	0.999972	0.000000	35.070801	-2.382245	1.248764	1.000000	
0.996453	-0.084150	-0.001092	0.000000	0.084145	0.996444	-0.004300	0.000000	0.001450	0.004193	0.999990	0.000000	36.352445	-2.494250	1.266359	1.000000	
0.996353	-0.085306	-0.001841	0.000000	0.085302	0.996353	-0.001873	0.000000	0.001994	0.001709	0.999997	0.000000	37.512509	-2.599503	1.279172	1.000000	
0.996208	-0.086987	-0.001631	0.000000	0.086981	0.996204	-0.003458	0.000000	0.001925	0.003303	0.999993	0.000000	38.669143	-2.701082	1.290628	1.000000	
0.996112	-0.088088	-0.001451	0.000000	0.088078	0.996096	-0.005884	0.000000	0.001964	0.005733	0.999982	0.000000	39.936911	-2.812247	1.304794	1.000000	
0.996028	-0.089035	-0.000379	0.000000	0.089032	0.996011	-0.005928	0.000000	0.000905	0.005871	0.999982	0.000000	41.086073	-2.917919	1.317164	1.000000	
0.995897	-0.090488	0.000504	0.000000	0.090489	0.995872	-0.007077	0.000000	0.000139	0.007094	0.999975	0.000000	42.231112	-3.022185	1.328291	1.000000	
0.995712	-0.092501	-0.000537	0.000000	0.092494	0.995680	-0.008172	0.000000	0.001290	0.008087	0.999966	0.000000	43.492837	-3.134315	1.340089	1.000000	
0.995480	-0.094939	-0.002440	0.000000	0.094911	0.995438	-0.009805	0.000000	0.003359	0.009529	0.999949	0.000000	44.628452	-3.235129	1.351159	1.000000	
0.995203	-0.097807	-0.002323	0.000000	0.097780	0.995160	-0.009741	0.000000	0.003265	0.009468	0.999950	0.000000	45.765794	-3.348539	1.360379	1.000000	
0.994870	-0.101158	-0.000839	0.000000	0.101145	0.994822	-0.009924	0.000000	0.001839	0.009788	0.999950	0.000000	47.023482	-3.486983	1.367228	1.000000	
0.994533	-0.104421	-0.000735	0.000000	0.104408	0.994482	-0.010213	0.000000	0.001797	0.010080	0.999948	0.000000	48.161333	-3.615410	1.375614	1.000000	
0.994186	-0.107659	-0.001806	0.000000	0.107632	0.994126	-0.011312	0.000000	0.003013	0.011052	0.999934	0.000000	49.411571	-3.759584	1.385342	1.000000	
0.993827	-0.110931	-0.001604	0.000000	0.110906	0.993767	-0.011291	0.000000	0.002847	0.011043	0.999935	0.000000	50.541772	-3.893671	1.395833	1.000000	
0.993460	-0.114181	-0.000707	0.000000	0.114164	0.993382	-0.012603	0.000000	0.002141	0.012440	0.999920	0.000000	51.666954	-4.029563	1.406079	1.000000	
0.993053	-0.117667	-0.000284	0.000000	0.117655	0.992979	-0.012272	0.000000	0.001726	0.012153	0.999925	0.000000	52.900504	-4.187127	1.417898	1.000000	
0.992672	-0.120844	0.000111	0.000000	0.120837	0.992605	-0.011599	0.000000	0.001292	0.011528	0.999933	0.000000	54.018041	-4.334341	1.430174	1.000000	
0.992293	-0.123899	0.001971	0.000000	0.123914	0.992231	-0.011056	0.000000	-0.000586	0.011215	0.999937	0.000000	55.124523	-4.480663	1.443637	1.000000	
0.991847	-0.127351	0.004538	0.000000	0.127394	0.991793	-0.010797	0.000000	-0.003126	0.011287	0.999931	0.000000	56.338389	-4.642320	1.458453	1.000000	
0.991404	-0.130746	0.004954	0.000000	0.130794	0.991348	-0.011095	0.000000	-0.003461	0.011648	0.999926	0.000000	57.443243	-4.783947	1.471505	1.000000	
0.990933	-0.134309	0.003534	0.000000	0.134343	0.990856	-0.012462	0.000000	-0.001828	0.012824	0.999916	0.000000	58.543330	-4.932245	1.487152	1.000000	
0.990323	-0.138727	0.004012	0.000000	0.138766	0.990253	-0.011966	0.000000	-0.002313	0.012407	0.999920	0.000000	59.745746	-5.103625	1.504341	1.000000	
0.989770	-0.142627	0.003486	0.000000	0.142660	0.989692	-0.012593	0.000000	-0.001654	0.012962	0.999915	0.000000	60.839076	-5.262189	1.516328	1.000000	
0.989127	-0.147052	0.001902	0.000000	0.147065	0.989038	-0.013225	0.000000	0.000064	0.013361	0.999911	0.000000	61.930082	-5.422500	1.529554	1.000000	
0.988334	-0.152283	0.002284	0.000000	0.152300	0.988253	-0.012686	0.000000	-0.000325	0.012886	0.999917	0.000000	63.114444	-5.607136	1.542802	1.000000	
0.987522	-0.157462	0.002418	0.000000	0.157481	0.987424	-0.013891	0.000000	-0.000200	0.014098	0.999901	0.000000	64.193221	-5.775678	1.550124	1.000000	
0.986628	-0.162978	0.001746	0.000000	0.162987	0.986539	-0.013290	0.000000	0.000443	0.013397	0.999910	0.000000	65.271064	-5.949087	1.558793	1.000000	
0.985679	-0.168622	0.001786	0.000000	0.168631	0.985601	-0.012457	0.000000	0.000340	0.012580	0.999921	0.000000	66.455890	-6.163352	1.571746	1.000000	
0.984798	-0.173700	0.001382	0.000000	0.173704	0.984723	-0.012141	0.000000	0.000748	0.012197	0.999925	0.000000	67.528908	-6.364086	1.581332	1.000000	
0.983867	-0.178896	0.001146	0.000000	0.178896	0.983788	-0.012563	0.000000	0.001120	0.012566	0.999920	0.000000	68.608370	-6.577161	1.591125	1.000000	
0.982742	-0.184944	0.003660	0.000000	0.184973	0.982689	-0.010380	0.000000	-0.001677	0.010878	0.999939	0.000000	69.784732	-6.818749	1.602601	1.000000	
0.981699	-0.190396	0.004039	0.000000	0.190433	0.981618	-0.012672	0.000000	-0.001552	0.013209	0.999912	0.000000	70.843882	-7.034758	1.614336	1.000000	
0.980521	-0.196403	0.002261	0.000000	0.196416	0.980433	-0.013150	0.000000	0.000366	0.013338	0.999911	0.000000	71.996420	-7.279312	1.631715	1.000000	
0.979454	-0.201665	0.000589	0.000000	0.201653	0.979353	-0.014273	0.000000	0.002301	0.014098	0.999898	0.000000	73.033059	-7.504416	1.645360	1.000000	
0.978294	-0.207218	-0.000769	0.000000	0.207184	0.978189	-0.014879	0.000000	0.003836	0.014396	0.999889	0.000000	74.064250	-7.734996	1.657654	1.000000	
0.977189	-0.212367	-0.001395	0.000000	0.212329	0.977104	-0.013571	0.000000	0.004245	0.012965	0.999907	0.000000	75.183844	-7.995452	1.670983	1.000000	
0.976357	-0.216164	-0.001015	0.000000	0.216136	0.976286	-0.012292	0.000000	0.003648	0.011782	0.999924	0.000000	76.184978	-8.231835	1.683103	1.000000	
0.975605	-0.219532	0.001170	0.000000	0.219533	0.975551	-0.010239	0.000000	0.001107	0.010246	0.999947	0.000000	77.268630	-8.504476	1.693427	1.000000	
0.974917	-0.222556	0.002503	0.000000	0.222569	0.974886	-0.007736	0.000000	-0.000718	0.008099	0.999967	0.000000	78.233635	-8.746780	1.704229	1.000000	
0.974227	-0.225569	0.001053	0.000000	0.225571	0.974202	-0.006904	0.000000	0.000531	0.006964	0.999976	0.000000	79.186504	-8.988706	1.715684	1.000000	
0.973566	-0.228401	-0.001755	0.000000	0.228387	0.973551	-0.006113	0.000000	0.003104	0.005550	0.999980	0.000000	80.119668	-9.224628	1.728418	1.000000	
0.973008	-0.230746	-0.003443	0.000000	0.230723	0.973000	-0.006119	0.000000	0.004762	0.005160	0.999975	0.000000	81.125797	-9.478702	1.736869	1.000000	
0.972531	-0.232756	-0.002804	0.000000	0.232740	0.972525	-0.005155	0.000000	0.003927	0.004361	0.999983	0.000000	82.024221	-9.700001	1.744144	1.000000	
0.972093	-0.234591	-0.001446	0.000000	0.234583	0.972087	-0.004273	0.000000	0.002408	0.003814	0.999990	0.000000	82.907336	-9.916463	1.751992	1.000000	
0.971682	-0.236290	0.000707	0.000000	0.236291	0.971675	-0.003827	0.000000	0.000217	0.003885	0.999992	0.000000	83.870046	-10.152916	1.755546	1.000000	
0.971376	-0.237531	0.002869	0.000000	0.237540	0.971373	-0.003045	0.000000	-0.002063	0.003639	0.999991	0.000000	84.733767	-10.369290	1.761741	1.000000	
0.971018	-0.238961	0.004720	0.000000	0.238969	0.971026	-0.001375	0.000000	-0.004255	0.002463	0.999988	0.000000	85.678323	-10.609103	1.768380	1.000000	
0.970730	-0.240125	0.004833	0.000000	0.240126	0.970742	0.000287	0.000000	-0.004760	0.000882	0.999988	0.000000	86.530032	-10.828074	1.771581	1.000000	
0.970339	-0.241742	0.001973	0.000000	0.241743	0.970340	-0.000261	0.000000	-0.001851	0.000730	0.999998	0.000000	87.463254	-11.064552	1.771741	1.000000	
0.969909	-0.243467	-0.001088	0.000000	0.243463	0.969906	-0.002811	0.000000	0.001739	0.002461	0.999995	0.000000	88.294209	-11.272857	1.776504	1.000000	
0.969478	-0.245163	-0.002604	0.000000	0.245150	0.969475	-0.004369	0.000000	0.003596	0.003597	0.999987	0.000000	89.119648	-11.465008	1.770881	1.000000	
0.969022	-0.246973	-0.000809	0.000000	0.246963	0.969004	-0.006311	0.000000	0.002343	0.005916	0.999980	0.000000	89.920894	-11.664911	1.773581	1.000000	
0.968471	-0.249120	0.001619	0.000000	0.249125	0.968443	-0.007415	0.000000	0.000279	0.007585	0.999971	0.000000	90.787648	-11.888336	1.784085	1.000000	
0.968063	-0.250697	0.002252	0.000000	0.250707	0.968031	-0.007817	0.000000	-0.000220	0.008132	0.999967	0.000000	91.564515	-12.085561	1.790233	1.000000	
0.967682	-0.252161	0.002318	0.000000	0.252172	0.967646	-0.008418	0.000000	-0.000120	0.008730	0.999962	0.000000	92.323108	-12.289198	1.798538	1.000000	
0.967276	-0.253714	0.002497	0.000000	0.253726	0.967239	-0.008534	0.000000	-0.000251	0.008888	0.999960	0.000000	93.135998	-12.510037	1.804229	1.000000	
0.966879	-0.255221	0.002673	0.000000	0.255234	0.966853	-0.007131	0.000000	-0.000764	0.007577	0.999971	0.000000	93.860126	-12.709328	1.812535	1.000000	
0.966483	-0.256722	0.002256	0.000000	0.256732	0.966459	-0.006804	0.000000	-0.000433	0.007155	0.999974	0.000000	94.632818	-12.923806	1.820690	1.000000	
0.966074	-0.258257	0.002186	0.000000	0.258266	0.966049	-0.006904	0.000000	-0.000328	0.007234	0.999974	0.000000	95.312928	-13.113331	1.830407	1.000000	
0.965635	-0.259896	0.001764	0.000000	0.259902	0.965614	-0.006355	0.000000	-0.000052	0.006595	0.999978	0.000000	95.967973	-13.297443	1.841950	1.000000	
0.965231	-0.261393	0.001468	0.000000	0.261397	0.965212	-0.006037	0.000000	0.000162	0.006211	0.999981	0.000000	96.669986	-13.494124	1.853711	1.000000	
0.964761	-0.263127	0.001117	0.000000	0.263129	0.964744	-0.005696	0.000000	0.000421	0.005790	0.999983	0.000000	97.293314	-13.670642	1.864070	1.000000	
0.964360	-0.264592	0.000823	0.000000	0.264593	0.964345	-0.005415	0.000000	0.000639	0.005440	0.999985	0.000000	97.897901	-13.846608	1.874677	1.000000	
0.963936	-0.266131	0.001126	0.000000	0.266133	0.963922	-0.005353	0.000000	0.000339	0.005459	0.999985	0.000000	98.539411	-14.035991	1.885515	1.000000	
0.963449	-0.267889	0.001163	0.000000	0.267892	0.963433	-0.005613	0.000000	0.000383	0.005720	0.999984	0.000000	99.104364	-14.201027	1.896514	1.000000	
0.963009	-0.269465	0.001114	0.000000	0.269467	0.962991	-0.005928	0.000000	0.000525	0.006009	0.999982	0.000000	99.651883	-14.361509	1.910895	1.000000	
0.962514	-0.271231	0.000553	0.000000	0.271229	0.962493	-0.006494	0.000000	0.001229	0.006401	0.999979	0.000000	100.241736	-14.526753	1.919281	1.000000	
0.961985	-0.273102	0.000865	0.000000	0.273102	0.961964	-0.006447	0.000000	0.000929	0.006438	0.999979	0.000000	100.761710	-14.674228	1.924652	1.000000	
0.961513	-0.274760	0.000886	0.000000	0.274760	0.961491	-0.006492	0.000000	0.000932	0.006486	0.999978	0.000000	101.263214	-14.820662	1.933292	1.000000	
0.961030	-0.276442	0.000614	0.000000	0.276440	0.961010	-0.006326	0.000000	0.001159	0.006249	0.999980	0.000000	101.795664	-14.980505	1.941481	1.000000	
0.960570	-0.278038	0.000471	0.000000	0.278035	0.960548	-0.006700	0.000000	0.001410	0.006567	0.999977	0.000000	102.265619	-15.118603	1.943902	1.000000	
0.960082	-0.279716	0.000819	0.000000	0.279715	0.960057	-0.007028	0.000000	0.001179	0.006976	0.999975	0.000000	102.722082	-15.248842	1.944714	1.000000	
0.959646	-0.281207	0.001560	0.000000	0.281211	0.959615	-0.007681	0.000000	0.000663	0.007809	0.999969	0.000000	103.205920	-15.383054	1.944526	1.000000	
0.959224	-0.282640	0.001867	0.000000	0.282645	0.959184	-0.008813	0.000000	0.000700	0.008982	0.999959	0.000000	103.628131	-15.498129	1.943622	1.000000	
0.958813	-0.284034	0.001829	0.000000	0.284038	0.958768	-0.009274	0.000000	0.000880	0.009411	0.999955	0.000000	104.041266	-15.609339	1.942727	1.000000	
0.958390	-0.285457	0.001719	0.000000	0.285460	0.958345	-0.009325	0.000000	0.001015	0.009428	0.999955	0.000000	104.480143	-15.728627	1.942425	1.000000	
0.958002	-0.286757	0.001504	0.000000	0.286759	0.957962	-0.008838	0.000000	0.001093	0.008899	0.999960	0.000000	104.859522	-15.835921	1.943543	1.000000	
0.957678	-0.287841	0.001249	0.000000	0.287840	0.957637	-0.008967	0.000000	0.001385	0.008947	0.999959	0.000000	105.260518	-15.947468	1.944646	1.000000	
0.957536	-0.288313	0.001058	0.000000	0.288311	0.957497	-0.008742	0.000000	0.001507	0.008676	0.999961	0.000000	105.607489	-16.049260	1.949740	1.000000	
0.957488	-0.288474	0.000593	0.000000	0.288467	0.957446	-0.009174	0.000000	0.002079	0.008955	0.999958	0.000000	105.943134	-16.146926	1.952495	1.000000	
0.957490	-0.288466	0.000363	0.000000	0.288456	0.957443	-0.009840	0.000000	0.002491	0.009526	0.999951	0.000000	106.292738	-16.252425	1.959335	1.000000	
0.957517	-0.288378	0.000703	0.000000	0.288368	0.957459	-0.010799	0.000000	0.002441	0.010543	0.999941	0.000000	106.593062	-16.340185	1.965639	1.000000	
0.957537	-0.288309	0.001215	0.000000	0.288304	0.957474	-0.011106	0.000000	0.002038	0.010984	0.999938	0.000000	106.883250	-16.431105	1.969192	1.000000	
0.957591	-0.288129	0.001030	0.000000	0.288122	0.957530	-0.011026	0.000000	0.002190	0.010856	0.999939	0.000000	107.189650	-16.529392	1.971736	1.000000	
0.957597	-0.288108	0.001020	0.000000	0.288103	0.957543	-0.010389	0.000000	0.002016	0.010242	0.999945	0.000000	107.449791	-16.612955	1.977564	1.000000	
0.957577	-0.288173	0.001340	0.000000	0.288172	0.957525	-0.010149	0.000000	0.001641	0.010104	0.999948	0.000000	107.699278	-16.692477	1.982732	1.000000	
0.957571	-0.288195	0.001193	0.000000	0.288192	0.957524	-0.009610	0.000000	0.001627	0.009546	0.999953	0.000000	107.963008	-16.773614	1.984340	1.000000	
0.957583	-0.288154	0.001365	0.000000	0.288153	0.957535	-0.009710	0.000000	0.001491	0.009692	0.999952	0.000000	108.192641	-16.842577	1.984971	1.000000	
0.957561	-0.288227	0.001407	0.000000	0.288227	0.957516	-0.009422	0.000000	0.001368	0.009428	0.999955	0.000000	108.429506	-16.915862	1.985506	1.000000	
0.957522	-0.288360	0.000961	0.000000	0.288356	0.957476	-0.009500	0.000000	0.001819	0.009373	0.999954	0.000000	108.637870	-16.973029	1.986692	1.000000	
0.957464	-0.288551	0.001044	0.000000	0.288547	0.957415	-0.009867	0.000000	0.001848	0.009748	0.999951	0.000000	108.832982	-17.022974	1.989368	1.000000	
0.957449	-0.288600	0.000818	0.000000	0.288592	0.957391	-0.010790	0.000000	0.002331	0.010567	0.999941	0.000000	109.032745	-17.073969	1.993213	1.000000	
0.957404	-0.288753	0.000503	0.000000	0.288742	0.957348	-0.010653	0.000000	0.002595	0.010344	0.999943	0.000000	109.202693	-17.114605	1.996187	1.000000	
0.957326	-0.289008	0.000620	0.000000	0.288999	0.957275	-0.010220	0.000000	0.002360	0.009963	0.999948	0.000000	109.365180	-17.155454	1.997716	1.000000	
0.957345	-0.288946	0.000640	0.000000	0.288939	0.957301	-0.009420	0.000000	0.002109	0.009203	0.999955	0.000000	109.534846	-17.199486	2.000642	1.000000	
0.957303	-0.289087	0.000638	0.000000	0.289081	0.957263	-0.008949	0.000000	0.001977	0.008751	0.999960	0.000000	109.677991	-17.236383	2.001510	1.000000	
0.957280	-0.289163	0.000907	0.000000	0.289160	0.957243	-0.008521	0.000000	0.001596	0.008419	0.999963	0.000000	109.810453	-17.268719	2.000658	1.000000	
0.957236	-0.289306	0.000676	0.000000	0.289302	0.957202	-0.008278	0.000000	0.001748	0.008120	0.999965	0.000000	109.946381	-17.299955	1.999319	1.000000	
0.957207	-0.289405	0.000420	0.000000	0.289398	0.957171	-0.008512	0.000000	0.002061	0.008269	0.999964	0.000000	110.061492	-17.325892	1.998680	1.000000	
0.957227	-0.289336	0.000853	0.000000	0.289334	0.957194	-0.008051	0.000000	0.001513	0.007953	0.999967	0.000000	110.167671	-17.349351	2.000439	1.000000	
0.957245	-0.289276	0.000891	0.000000	0.289274	0.957213	-0.008027	0.000000	0.001469	0.007941	0.999967	0.000000	110.280775	-17.377251	2.000709	1.000000	
0.957207	-0.289402	0.000839	0.000000	0.289399	0.957175	-0.007981	0.000000	0.001507	0.007882	0.999968	0.000000	110.371577	-17.399969	2.003336	1.000000	
0.957261	-0.289224	0.001162	0.000000	0.289224	0.957226	-0.008314	0.000000	0.001292	0.008295	0.999965	0.000000	110.468977	-17.424652	2.005706	1.000000	
0.957272	-0.289187	0.001530	0.000000	0.289189	0.957235	-0.008373	0.000000	0.000957	0.008457	0.999964	0.000000	110.550845	-17.445595	2.007616	1.000000	
0.957253	-0.289246	0.001798	0.000000	0.289251	0.957216	-0.008453	0.000000	0.000724	0.008612	0.999963	0.000000	110.635735	-17.468955	2.008519	1.000000	
0.957282	-0.289149	0.001826	0.000000	0.289154	0.957249	-0.008031	0.000000	0.000574	0.008216	0.999966	0.000000	110.727977	-17.496519	2.007048	1.000000	
0.957266	-0.289205	0.001553	0.000000	0.289208	0.957234	-0.007874	0.000000	0.000790	0.007987	0.999968	0.000000	110.813633	-17.521868	2.004471	1.000000	
0.957231	-0.289319	0.001752	0.000000	0.289324	0.957197	-0.008060	0.000000	0.000655	0.008222	0.999966	0.000000	110.896376	-17.548247	2.005173	1.000000	
0.957351	-0.288911	0.003024	0.000000	0.288926	0.957315	-0.008400	0.000000	-0.000468	0.008915	0.999960	0.000000	110.975039	-17.580548	2.019414	1.000000	
0.957334	-0.288954	0.004070	0.000000	0.288980	0.957293	-0.008961	0.000000	-0.001307	0.009755	0.999952	0.000000	111.049174	-17.604495	2.026212	1.000000	
0.957153	-0.289557	0.003993	0.000000	0.289582	0.957113	-0.008820	0.000000	-0.001268	0.009599	0.999953	0.000000	111.133614	-17.632020	2.031217	1.000000	
0.957016	-0.290011	0.003789	0.000000	0.290034	0.956972	-0.009171	0.000000	-0.000966	0.009876	0.999951	0.000000	111.213282	-17.654439	2.033365	1.000000	
0.956969	-0.290157	0.004318	0.000000	0.290185	0.956926	-0.009237	0.000000	-0.001452	0.010093	0.999948	0.000000	111.291161	-17.678791	2.032951	1.000000	
0.956849	-0.290551	0.004455	0.000000	0.290581	0.956806	-0.009224	0.000000	-0.001583	0.010121	0.999947	0.000000	111.371708	-17.703310	2.032027	1.000000	
0.956739	-0.290919	0.004128	0.000000	0.290945	0.956698	-0.008927	0.000000	-0.001352	0.009741	0.999952	0.000000	111.459750	-17.730642	2.033590	1.000000	
0.956637	-0.291254	0.004227	0.000000	0.291280	0.956597	-0.008811	0.000000	-0.001477	0.009660	0.999952	0.000000	111.536727	-17.755887	2.036363	1.000000	
0.956537	-0.291585	0.003759	0.000000	0.291608	0.956496	-0.008913	0.000000	-0.000996	0.009622	0.999953	0.000000	111.619740	-17.783319	2.038679	1.000000	
0.956476	-0.291790	0.003586	0.000000	0.291811	0.956438	-0.008561	0.000000	-0.000931	0.009235	0.999957	0.000000	111.692399	-17.806104	2.039876	1.000000	
0.956387	-0.292079	0.003727	0.000000	0.292100	0.956351	-0.008353	0.000000	-0.001125	0.009077	0.999958	0.000000	111.762386	-17.827221	2.040866	1.000000	
0.956248	-0.292534	0.003591	0.000000	0.292554	0.956216	-0.007996	0.000000	-0.001095	0.008696	0.999962	0.000000	111.831925	-17.854055	2.045623	1.000000	
0.956191	-0.292720	0.003803	0.000000	0.292741	0.956160	-0.007800	0.000000	-0.001353	0.008572	0.999962	0.000000	111.889538	-17.876211	2.051247	1.000000	
0.956094	-0.293032	0.003972	0.000000	0.293054	0.956067	-0.007437	0.000000	-0.001618	0.008275	0.999964	0.000000	111.941174	-17.895124	2.058178	1.000000	
0.956059	-0.293152	0.003705	0.000000	0.293172	0.956031	-0.007356	0.000000	-0.001386	0.008119	0.999966	0.000000	111.994206	-17.912976	2.063719	1.000000	
0.956008	-0.293316	0.003934	0.000000	0.293338	0.955981	-0.007357	0.000000	-0.001603	0.008187	0.999965	0.000000	112.037664	-17.932884	2.071784	1.000000	
0.955934	-0.293552	0.004279	0.000000	0.293576	0.955908	-0.007269	0.000000	-0.001956	0.008204	0.999964	0.000000	112.083745	-17.950247	2.074313	1.000000	
0.955871	-0.293761	0.003956	0.000000	0.293783	0.955846	-0.007057	0.000000	-0.001709	0.007908	0.999967	0.000000	112.137317	-17.970262	2.074877	1.000000	
0.955843	-0.293851	0.003911	0.000000	0.293872	0.955819	-0.006994	0.000000	-0.001683	0.007834	0.999968	0.000000	112.183709	-17.985486	2.075055	1.000000	
0.955733	-0.294210	0.003851	0.000000	0.294231	0.955709	-0.006900	0.000000	-0.001650	0.007728	0.999969	0.000000	112.227741	-17.999203	2.075908	1.000000	
0.955677	-0.294393	0.003858	0.000000	0.294413	0.955654	-0.006833	0.000000	-0.001675	0.007666	0.999969	0.000000	112.272839	-18.017162	2.081726	1.000000	
0.955630	-0.294539	0.004294	0.000000	0.294562	0.955610	-0.006587	0.000000	-0.002164	0.007560	0.999969	0.000000	112.311095	-18.032874	2.087025	1.000000	
0.955608	-0.294610	0.004371	0.000000	0.294634	0.955589	-0.006438	0.000000	-0.002280	0.007440	0.999970	0.000000	112.347723	-18.049334	2.095886	1.000000	
0.955562	-0.294760	0.004166	0.000000	0.294781	0.955544	-0.006255	0.000000	-0.002137	0.007205	0.999972	0.000000	112.383264	-18.064859	2.101701	1.000000	
0.955522	-0.294890	0.004237	0.000000	0.294911	0.955505	-0.006062	0.000000	-0.002261	0.007042	0.999973	0.000000	112.412678	-18.081085	2.107863	1.000000	
0.955471	-0.295052	0.004370	0.000000	0.295075	0.955457	-0.005808	0.000000	-0.002461	0.006838	0.999974	0.000000	112.437028	-18.092105	2.114413	1.000000	
0.955434	-0.295175	0.004277	0.000000	0.295196	0.955419	-0.005762	0.000000	-0.002386	0.006768	0.999974	0.000000	112.449061	-18.104210	2.129047	1.000000	
0.955385	-0.295332	0.004383	0.000000	0.295354	0.955370	-0.005795	0.000000	-0.002476	0.006831	0.999974	0.000000	112.463599	-18.111180	2.133579	1.000000	
0.955357	-0.295422	0.004433	0.000000	0.295444	0.955342	-0.005819	0.000000	-0.002516	0.006869	0.999973	0.000000	112.479828	-18.115409	2.131734	1.000000	
0.955326	-0.295522	0.004421	0.000000	0.295545	0.955311	-0.005846	0.000000	-0.002496	0.006892	0.999973	0.000000	112.496219	-18.118934	2.127465	1.000000	
0.955313	-0.295565	0.004359	0.000000	0.295587	0.955298	-0.005850	0.000000	-0.002435	0.006877	0.999973	0.000000	112.507652	-18.122158	2.125483	1.000000	
0.955302	-0.295601	0.004318	0.000000	0.295623	0.955287	-0.005873	0.000000	-0.002389	0.006887	0.999973	0.000000	112.517695	-18.125287	2.125291	1.000000	
0.955280	-0.295674	0.004156	0.000000	0.295695	0.955264	-0.005959	0.000000	-0.002209	0.006921	0.999974	0.000000	112.522357	-18.123529	2.124171	1.000000	
0.955297	-0.295618	0.004205	0.000000	0.295640	0.955281	-0.005982	0.000000	-0.002249	0.006958	0.999973	0.000000	112.525947	-18.120574	2.123196	1.000000	
0.955310	-0.295571	0.004558	0.000000	0.295595	0.955294	-0.005996	0.000000	-0.002582	0.007075	0.999972	0.000000	112.527017	-18.115808	2.120968	1.000000	
0.955299	-0.295603	0.004660	0.000000	0.295628	0.955285	-0.005889	0.000000	-0.002711	0.007004	0.999972	0.000000	112.532718	-18.111233	2.117060	1.000000	
0.955315	-0.295560	0.004245	0.000000	0.295581	0.955300	-0.005880	0.000000	-0.002317	0.006872	0.999974	0.000000	112.536098	-18.106047	2.110922	1.000000	
0.955319	-0.295542	0.004477	0.000000	0.295565	0.955305	-0.005833	0.000000	-0.002553	0.006896	0.999973	0.000000	112.535046	-18.102426	2.109349	1.000000	
0.955304	-0.295588	0.004675	0.000000	0.295612	0.955290	-0.005873	0.000000	-0.002730	0.006992	0.999972	0.000000	112.536129	-18.100253	2.108768	1.000000	
0.955287	-0.295648	0.004433	0.000000	0.295670	0.955272	-0.005925	0.000000	-0.002483	0.006971	0.999973	0.000000	112.534392	-18.099072	2.109254	1.000000	
0.955291	-0.295632	0.004498	0.000000	0.295655	0.955277	-0.005867	0.000000	-0.002562	0.006934	0.999973	0.000000	112.532956	-18.097217	2.108551	1.000000	
0.955303	-0.295593	0.004583	0.000000	0.295616	0.955289	-0.005890	0.000000	-0.002637	0.006982	0.999972	0.000000	112.531263	-18.095009	2.107493	1.000000	
0.955290	-0.295636	0.004603	0.000000	0.295660	0.955275	-0.005859	0.000000	-0.002665	0.006958	0.999972	0.000000	112.529999	-18.093711	2.103838	1.000000	
0.955265	-0.295718	0.004389	0.000000	0.295740	0.955250	-0.005844	0.000000	-0.002464	0.006881	0.999973	0.000000	112.532412	-18.093557	2.099917	1.000000	
0.955281	-0.295666	0.004555	0.000000	0.295689	0.955267	-0.005820	0.000000	-0.002630	0.006907	0.999973	0.000000	112.536630	-18.093829	2.094681	1.000000	
0.955308	-0.295578	0.004533	0.000000	0.295601	0.955294	-0.005786	0.000000	-0.002620	0.006867	0.999973	0.000000	112.538106	-18.093942	2.092621	1.000000	
0.955271	-0.295699	0.004463	0.000000	0.295722	0.955257	-0.005745	0.000000	-0.002565	0.006808	0.999973	0.000000	112.538087	-18.098407	2.095217	1.000000	
0.955250	-0.295767	0.004367	0.000000	0.295789	0.955236	-0.005703	0.000000	-0.002485	0.006739	0.999974	0.000000	112.538830	-18.099555	2.095013	1.000000	
0.955233	-0.295821	0.004452	0.000000	0.295843	0.955219	-0.005727	0.000000	-0.002559	0.006788	0.999974	0.000000	112.539894	-18.101798	2.096818	1.000000	
0.955186	-0.295974	0.004422	0.000000	0.295996	0.955172	-0.005689	0.000000	-0.002539	0.006743	0.999974	0.000000	112.540562	-18.102987	2.098858	1.000000	
0.955181	-0.295992	0.004354	0.000000	0.296013	0.955168	-0.005574	0.000000	-0.002509	0.006613	0.999975	0.000000	112.541492	-18.106075	2.103611	1.000000	
0.955153	-0.296078	0.004530	0.000000	0.296100	0.955140	-0.005626	0.000000	-0.002661	0.006715	0.999974	0.000000	112.540937	-18.108248	2.107843	1.000000	
0.955166	-0.296035	0.004494	0.000000	0.296057	0.955154	-0.005524	0.000000	-0.002657	0.006606	0.999975	0.000000	112.541686	-18.109887	2.110650	1.000000	
0.955158	-0.296061	0.004480	0.000000	0.296084	0.955146	-0.005561	0.000000	-0.002632	0.006638	0.999974	0.000000	112.543061	-18.111011	2.112567	1.000000	
0.955153	-0.296080	0.004394	0.000000	0.296101	0.955141	-0.005540	0.000000	-0.002557	0.006592	0.999975	0.000000	112.545190	-18.112035	2.113310	1.000000	
0.955101	-0.296246	0.004523	0.000000	0.296268	0.955089	-0.005502	0.000000	-0.002690	0.006595	0.999975	0.000000	112.545692	-18.113806	2.118088	1.000000	
0.955115	-0.296203	0.004420	0.000000	0.296225	0.955103	-0.005464	0.000000	-0.002603	0.006528	0.999975	0.000000	112.546446	-18.116053	2.122862	1.000000	
0.955105	-0.296235	0.004451	0.000000	0.296256	0.955093	-0.005438	0.000000	-0.002640	0.006513	0.999975	0.000000	112.546560	-18.118203	2.128428	1.000000	
0.955102	-0.296244	0.004505	0.000000	0.296266	0.955090	-0.005417	0.000000	-0.002698	0.006509	0.999975	0.000000	112.546497	-18.119086	2.133172	1.000000	
0.955081	-0.296314	0.004412	0.000000	0.296335	0.955069	-0.005343	0.000000	-0.002631	0.006411	0.999976	0.000000	112.546412	-18.122165	2.141062	1.000000	
0.955068	-0.296354	0.004461	0.000000	0.296375	0.955056	-0.005398	0.000000	-0.002661	0.006477	0.999975	0.000000	112.546665	-18.122637	2.146712	1.000000	
0.955051	-0.296407	0.004496	0.000000	0.296428	0.955040	-0.005339	0.000000	-0.002711	0.006431	0.999976	0.000000	112.546906	-18.122527	2.148245	1.000000	
0.955060	-0.296378	0.004512	0.000000	0.296400	0.955049	-0.005354	0.000000	-0.002722	0.006451	0.999975	0.000000	112.549288	-18.122620	2.150070	1.000000	
0.955057	-0.296391	0.004388	0.000000	0.296411	0.955046	-0.005291	0.000000	-0.002623	0.006354	0.999976	0.000000	112.552005	-18.122169	2.150507	1.000000	
0.955044	-0.296430	0.004459	0.000000	0.296451	0.955034	-0.005258	0.000000	-0.002700	0.006344	0.999976	0.000000	112.555925	-18.120984	2.147860	1.000000	
0.955027	-0.296486	0.004447	0.000000	0.296507	0.955016	-0.005305	0.000000	-0.002675	0.006385	0.999976	0.000000	112.557253	-18.121749	2.148757	1.000000	
0.955024	-0.296496	0.004461	0.000000	0.296517	0.955013	-0.005235	0.000000	-0.002708	0.006323	0.999976	0.000000	112.556396	-18.126674	2.152264	1.000000	
0.955022	-0.296501	0.004484	0.000000	0.296523	0.955011	-0.005256	0.000000	-0.002724	0.006350	0.999976	0.000000	112.557714	-18.128531	2.154140	1.000000	
0.955025	-0.296493	0.004482	0.000000	0.296514	0.955014	-0.005238	0.000000	-0.002727	0.006331	0.999976	0.000000	112.558491	-18.131677	2.155903	1.000000	
0.955012	-0.296532	0.004512	0.000000	0.296554	0.955002	-0.005228	0.000000	-0.002759	0.006331	0.999976	0.000000	112.559203	-18.133847	2.156770	1.000000	
0.955007	-0.296550	0.004468	0.000000	0.296571	0.954997	-0.005110	0.000000	-0.002752	0.006205	0.999977	0.000000	112.558555	-18.138604	2.159456	1.000000	
0.954981	-0.296634	0.004512	0.000000	0.296655	0.954971	-0.005160	0.000000	-0.002778	0.006267	0.999976	0.000000	112.558379	-18.140937	2.161541	1.000000	
0.954971	-0.296665	0.004470	0.000000	0.296685	0.954962	-0.005092	0.000000	-0.002758	0.006189	0.999977	0.000000	112.558860	-18.144188	2.163659	1.000000	
0.954936	-0.296778	0.004522	0.000000	0.296799	0.954926	-0.005086	0.000000	-0.002809	0.006199	0.999977	0.000000	112.558527	-18.147466	2.165724	1.000000	
0.954942	-0.296759	0.004482	0.000000	0.296780	0.954932	-0.005080	0.000000	-0.002772	0.006182	0.999977	0.000000	112.557992	-18.147208	2.164938	1.000000	
0.954943	-0.296754	0.004610	0.000000	0.296776	0.954934	-0.005101	0.000000	-0.002888	0.006239	0.999976	0.000000	112.556126	-18.147219	2.164890	1.000000	
0.954918	-0.296833	0.004575	0.000000	0.296855	0.954909	-0.005099	0.000000	-0.002855	0.006228	0.999976	0.000000	112.554539	-18.147629	2.165447	1.000000	
0.954891	-0.296921	0.004598	0.000000	0.296942	0.954882	-0.005092	0.000000	-0.002879	0.006228	0.999976	0.000000	112.553169	-18.149989	2.165915	1.000000	
0.954872	-0.296980	0.004678	0.000000	0.297002	0.954864	-0.005034	0.000000	-0.002972	0.006196	0.999976	0.000000	112.552797	-18.152186	2.168270	1.000000	
0.954859	-0.297022	0.004602	0.000000	0.297044	0.954851	-0.005000	0.000000	-0.002909	0.006142	0.999977	0.000000	112.550992	-18.156577	2.174558	1.000000	
0.954846	-0.297066	0.004664	0.000000	0.297088	0.954837	-0.005033	0.000000	-0.002958	0.006191	0.999976	0.000000	112.547943	-18.160403	2.180613	1.000000	
0.954827	-0.297125	0.004644	0.000000	0.297146	0.954819	-0.004923	0.000000	-0.002972	0.006080	0.999977	0.000000	112.545547	-18.165792	2.188903	1.000000	
0.954815	-0.297164	0.004724	0.000000	0.297186	0.954807	-0.004922	0.000000	-0.003048	0.006104	0.999977	0.000000	112.544496	-18.170083	2.194958	1.000000	
0.954827	-0.297125	0.004606	0.000000	0.297146	0.954820	-0.004878	0.000000	-0.002949	0.006026	0.999977	0.000000	112.544579	-18.172521	2.198794	1.000000	
0.954832	-0.297108	0.004692	0.000000	0.297130	0.954825	-0.004874	0.000000	-0.003032	0.006048	0.999977	0.000000	112.546610	-18.174988	2.202252	1.000000	
0.954839	-0.297086	0.004678	0.000000	0.297108	0.954831	-0.004894	0.000000	-0.003013	0.006063	0.999977	0.000000	112.548137	-18.175651	2.202765	1.000000	
0.954832	-0.297107	0.004745	0.000000	0.297129	0.954825	-0.004911	0.000000	-0.003071	0.006099	0.999977	0.000000	112.548899	-18.178417	2.204089	1.000000	
0.954834	-0.297102	0.004674	0.000000	0.297124	0.954826	-0.004918	0.000000	-0.003001	0.006085	0.999977	0.000000	112.550974	-18.180167	2.201643	1.000000	
0.954803	-0.297202	0.004698	0.000000	0.297223	0.954796	-0.004841	0.000000	-0.003047	0.006018	0.999977	0.000000	112.550732	-18.183858	2.201489	1.000000	
0.954798	-0.297221	0.004657	0.000000	0.297242	0.954790	-0.004847	0.000000	-0.003006	0.006013	0.999977	0.000000	112.550802	-18.186959	2.201635	1.000000	
0.954769	-0.297314	0.004616	0.000000	0.297335	0.954761	-0.004781	0.000000	-0.002986	0.005937	0.999978	0.000000	112.549704	-18.191746	2.204254	1.000000	
0.954741	-0.297401	0.004770	0.000000	0.297423	0.954734	-0.004815	0.000000	-0.003123	0.006016	0.999977	0.000000	112.549451	-18.194303	2.204963	1.000000	
0.954732	-0.297430	0.004682	0.000000	0.297451	0.954725	-0.004779	0.000000	-0.003049	0.005956	0.999978	0.000000	112.553376	-18.197867	2.215025	1.000000	
0.954759	-0.297343	0.004701	0.000000	0.297364	0.954752	-0.004822	0.000000	-0.003055	0.006001	0.999977	0.000000	112.554634	-18.198751	2.218019	1.000000	
0.954755	-0.297355	0.004704	0.000000	0.297376	0.954749	-0.004757	0.000000	-0.003077	0.005941	0.999978	0.000000	112.555315	-18.199176	2.219069	1.000000	
0.954744	-0.297391	0.004706	0.000000	0.297412	0.954737	-0.004749	0.000000	-0.003081	0.005934	0.999978	0.000000	112.561418	-18.201058	2.232074	1.000000	
0.954752	-0.297365	0.004710	0.000000	0.297387	0.954745	-0.004727	0.000000	-0.003091	0.005914	0.999978	0.000000	112.573154	-18.200228	2.246090	1.000000	
